-58031.992188 38771.453125 81739.453125
-57829.500000 38587.648438 82008.273438
-57979.546875 38524.816406 81737.023438

-58031.992188 38771.453125 81739.453125
-57926.078125 38891.800781 81933.812500
-57829.500000 38587.648438 82008.273438

-57979.546875 38524.816406 81737.023438
-57829.500000 38587.648438 82008.273438
-57916.054688 38278.464844 81729.984375

-57916.054688 38278.464844 81729.984375
-57829.500000 38587.648438 82008.273438
-57721.785156 38277.230469 82086.460938

-57916.054688 38278.464844 81729.984375
-57624.898438 37915.984375 82085.070313
-57846.992188 37952.480469 81712.156250

-57916.054688 38278.464844 81729.984375
-57721.785156 38277.230469 82086.460938
-57624.898438 37915.984375 82085.070313

